geocommit (1.0)
lat: 24.946088
long: 121.375917
alt: 69.038727
hacc: 65.0
vacc: 10.202666
src: cl
