geocommit (1.0)
lat: 24.946097
long: 121.375901
alt: 67.208611
hacc: 65.0
vacc: 10.338838
src: cl
